-2.000000
-4.000000
-16.000000
-38.000000
-70.000000
-112.000000
-164.000000
-226.000000
-298.000000
-380.000000
-472.000000
-574.000000
-686.000000
-808.000000
-940.000000
-1082.000000
-1234.000000
-1396.000000
-1568.000000
-1750.000000
-1942.000000
-2144.000000
-2356.000000
-2578.000000
-2810.000000
-3052.000000
-3304.000000
-3566.000000
-3838.000000
-4120.000000
-4412.000000
-4714.000000
-5026.000000
-5348.000000
-5680.000000
-6022.000000
-6374.000000
-6736.000000
-7108.000000
-7490.000000
-7882.000000
-8284.000000
-8696.000000
-9118.000000
-9550.000000
-9992.000000
-10444.000000
-10906.000000
-11378.000000
-11860.000000
-12352.000000
-12854.000000
-13366.000000
-13888.000000
-14420.000000
-14962.000000
-15514.000000
-16076.000000
-16648.000000
-17230.000000
-17822.000000
-18424.000000
-19036.000000
-19658.000000
-20290.000000
-20932.000000
-21584.000000
-22246.000000
-22918.000000
-23600.000000
-24292.000000
-24994.000000
-25706.000000
-26428.000000
-27160.000000
-27902.000000
-28654.000000
-29416.000000
-30188.000000
-30970.000000
-31762.000000
-32564.000000
-33376.000000
-34198.000000
-35030.000000
-35872.000000
-36724.000000
-37586.000000
-38458.000000
-39340.000000
-40232.000000
-41134.000000
-42046.000000
-42968.000000
-43900.000000
-44842.000000
-45794.000000
-46756.000000
-47728.000000
-48710.000000
-49702.000000
-50704.000000
-51716.000000
-52738.000000
-53770.000000
-54812.000000
-55864.000000
-56926.000000
-57998.000000
-59080.000000
-60172.000000
-61274.000000
-62386.000000
-63508.000000
-64640.000000
-65782.000000
-66934.000000
-68096.000000
-69268.000000
-70450.000000
-71642.000000
-72844.000000
-74056.000000
-75278.000000
-76510.000000
-77752.000000
-79004.000000
-80266.000000
-81538.000000
-82820.000000
-84112.000000
-85414.000000
-86726.000000
-88048.000000
-89380.000000
-90722.000000
-92074.000000
-93436.000000
-94808.000000
-96190.000000
-97582.000000
-98984.000000
-100396.000000
-101818.000000
-103250.000000
-104692.000000
-106144.000000
-107606.000000
-109078.000000
-110560.000000
-112052.000000
-113554.000000
-115066.000000
-116588.000000
-118120.000000
-119662.000000
-121214.000000
-122776.000000
-124348.000000
-125930.000000
-127522.000000
-129124.000000
-130736.000000
-132358.000000
-133990.000000
-135632.000000
-137284.000000
-138946.000000
-140618.000000
-142300.000000
-143992.000000
-145694.000000
-147406.000000
-149128.000000
-150860.000000
-152602.000000
-154354.000000
-156116.000000
-157888.000000
-159670.000000
-161462.000000
-163264.000000
-165076.000000
-166898.000000
-168730.000000
-170572.000000
-172424.000000
-174286.000000
-176158.000000
-178040.000000
-179932.000000
-181834.000000
-183746.000000
-185668.000000
-187600.000000
-189542.000000
-191494.000000
-193456.000000
-195428.000000
-197410.000000
-199402.000000
-201404.000000
-203416.000000
-205438.000000
-207470.000000
-209512.000000
-211564.000000
-213626.000000
-215698.000000
-217780.000000
-219872.000000
-221974.000000
-224086.000000
-226208.000000
-228340.000000
-230482.000000
-232634.000000
-234796.000000
-236968.000000
-239150.000000
-241342.000000
-243544.000000
-245756.000000
-247978.000000
-250210.000000
-252452.000000
-254704.000000
-256966.000000
-259238.000000
-261520.000000
-263812.000000
-266114.000000
-268426.000000
-270748.000000
-273080.000000
-275422.000000
-277774.000000
-280136.000000
-282508.000000
-284890.000000
-287282.000000
-289684.000000
-292096.000000
-294518.000000
-296950.000000
-299392.000000
-301844.000000
-304306.000000
-306778.000000
-309260.000000
-311752.000000
-314254.000000
-316766.000000
-319288.000000
-321820.000000
-324362.000000
